[0.9423437702100995, 39.0527023642485, 8.087422360248448, (0.9905476186512071+0j), 0.9802797952333622, 0.9999998905484776]
[0.9423437702100995, 39.0527023642485, 8.087422360248448, (0.9905476186512071+0j), 0.9802797952333622, 0.9999998905484776]
[0.9423437702100995, 39.0527023642485, 8.087422360248448, (0.9905476186512071+0j), 0.9802797952333622, 0.9999998905484776]
[0.9423437702100995, 39.0527023642485, 8.087422360248448, (0.9905476186512071+0j), 0.9802797952333622, 0.9999998905484776]
[0.9423437702100995, 39.0527023642485, 8.087422360248448, (0.9905476186512071+0j), 0.9802797952333622, 0.9999998905484776]
[0.9423437702100995, 39.0527023642485, 8.087422360248448, (0.9905476186512071+0j), 0.9802797952333622, 0.9999998905484776]
[0.9408202620747607, 38.198654110055315, 9.844982531055901, (0.9903644256704386+0j), 0.980246816195628, 0.9999999576576392]
[0.9422786919859674, 38.80621564948667, 8.5597049689441, (0.9905472129876872+0j), 0.9802797952333622, 0.9999999105604683]
[0.9423437702100995, 39.0527023642485, 8.087422360248448, (0.9905476186512071+0j), 0.9802797952333622, 0.9999998905484776]
[0.9423437702100995, 39.0527023642485, 8.087422360248448, (0.9905476186512071+0j), 0.9802797952333622, 0.9999998905484776]
[0.9423437702100995, 39.0527023642485, 8.087422360248448, (0.9905476186512071+0j), 0.9802797952333622, 0.9999998905484776]
[0.9423254544597937, 38.28372845181026, 9.654004917184265, (0.99014263311909+0j), 0.9802483485114869, 0.9999999562788981]
[0.9409159711078959, 38.21050773531991, 9.818148291925466, (0.989900994533533+0j), 0.9802495062306017, 0.999999962667368]
[0.9352732939119635, 35.46934232275139, 18.45636322463768, (0.9792464369934277+0j), 0.980015011114033, 0.9999986351742992]
[0.9322105923574527, 35.71388319562629, 17.445846273291924, (0.9829779938546226+0j), 0.9788919711439892, 0.9999997823264808]
[0.9319535427623634, 33.59861268284788, 28.393510610766047, (0.9816515383106851+0j), 0.9787006054104466, 0.9999994159898652]
[0.9155482825582859, 28.594412073628796, 89.87505175983436, (0.9711127282555121+0j), 0.9731034339764876, 0.9999972314443961]
[0.9133286641599159, 30.164312985592158, 62.61077251552795, (0.9678204452123571+0j), 0.9779502220335545, 0.9999931157067976]
[0.8806961765257498, 23.4799753364437, 291.7983469202899, (0.9306270268421717+0j), 0.9607540114246861, 0.9999578474704139]
[0.8541076001124307, 23.839578660087607, 268.6101966873706, (0.9286632117464452+0j), 0.9490172465135486, 0.9998794033751212]
