[0.9489187665976273, 35.421063146221556, 18.662681579589844, (0.997547883587222+0j), 0.9209171170864928, 0.9998220728538806]
[0.9489187665976273, 35.421063146221556, 18.662681579589844, (0.997547883587222+0j), 0.9209171170864928, 0.9998220728538806]
[0.9489187665976273, 35.421063146221556, 18.662681579589844, (0.997547883587222+0j), 0.9209171170864928, 0.9998220728538806]
[0.9489187665976273, 35.421063146221556, 18.662681579589844, (0.997547883587222+0j), 0.9209171170864928, 0.9998220728538806]
[0.9489187665976273, 35.421063146221556, 18.662681579589844, (0.997547883587222+0j), 0.9209171170864928, 0.9998220728538806]
[0.9489187665976273, 35.421063146221556, 18.662681579589844, (0.997547883587222+0j), 0.9209171170864928, 0.9998220728538806]
[0.9489187665976273, 35.421063146221556, 18.662681579589844, (0.997547883587222+0j), 0.9209171170864928, 0.9998220728538806]
[0.9489187665976273, 35.421063146221556, 18.662681579589844, (0.997547883587222+0j), 0.9209171170864928, 0.9998220728538806]
[0.9489187665976273, 35.421063146221556, 18.662681579589844, (0.997547883587222+0j), 0.9209171170864928, 0.9998220728538806]
[0.9488649979685673, 35.32891639554015, 19.062889099121094, (0.9975424630644204+0j), 0.9208910979596023, 0.9998212497271962]
[0.9489187665976273, 35.421063146221556, 18.662681579589844, (0.997547883587222+0j), 0.9209171170864928, 0.9998220728538806]
[0.9446247070279575, 33.55357686791621, 28.68947982788086, (0.9941990631448091+0j), 0.9150625690721143, 0.9998179322371419]
[0.9389364285529913, 30.188165329858556, 62.267843882242836, (0.9889911485784862+0j), 0.9106538710002733, 0.9997085233482789]
[0.9466629629522341, 31.507734581727167, 45.95226287841797, (0.9967513398479706+0j), 0.9194332949777221, 0.999801879246902]
[0.9453095774891463, 30.947378205712536, 52.28083801269531, (0.9949903165265325+0j), 0.9192154189983163, 0.9997760686064856]
[0.9331455053633357, 23.08109344954783, 319.86816279093426, (0.9783522376414151+0j), 0.9126154729528039, 0.9996174895865151]
[0.6739626949436694, 11.361468437147067, 4752.624660491943, (0.8378542846460483+0j), 0.6494822566159818, 0.6735319433905484]
[0.654249591604174, 11.157244897937984, 4981.451095581055, (0.8239333156251271+0j), 0.639598211985038, 0.6802456953778966]
[0.6256591626497978, 10.9488962081131, 5226.256732940674, (0.7947033841932692+0j), 0.6145139223982216, 0.671586084143516]
[0.6134158908671468, 10.754007870483974, 5466.125186920166, (0.780945873788041+0j), 0.6120698625528459, 0.669254020462665]
