[0.9489187665976273, 35.421063146221556, 18.662681579589844, (0.997547883587222+0j), 0.9209171170864928, 0.9998220728538806]
[0.9489187665976273, 35.421063146221556, 18.662681579589844, (0.997547883587222+0j), 0.9209171170864928, 0.9998220728538806]
[0.9489187665976273, 35.421063146221556, 18.662681579589844, (0.997547883587222+0j), 0.9209171170864928, 0.9998220728538806]
[0.9489187665976273, 35.421063146221556, 18.662681579589844, (0.997547883587222+0j), 0.9209171170864928, 0.9998220728538806]
[0.9489187665976273, 35.421063146221556, 18.662681579589844, (0.997547883587222+0j), 0.9209171170864928, 0.9998220728538806]
[0.9489187665976273, 35.421063146221556, 18.662681579589844, (0.997547883587222+0j), 0.9209171170864928, 0.9998220728538806]
[0.9477265726298484, 30.314626923015545, 60.48081970214844, (0.9953409111181437+0j), 0.9203466485187919, 0.9998170674149459]
[0.9489187665976273, 35.421063146221556, 18.662681579589844, (0.997547883587222+0j), 0.9209171170864928, 0.9998220728538806]
[0.9489187665976273, 35.421063146221556, 18.662681579589844, (0.997547883587222+0j), 0.9209171170864928, 0.9998220728538806]
[0.9489187665976273, 35.421063146221556, 18.662681579589844, (0.997547883587222+0j), 0.9209171170864928, 0.9998220728538806]
[0.9488613016526118, 35.328947682238365, 19.06275177001953, (0.9975398574950226+0j), 0.9209009104050464, 0.9998214617599233]
[0.9485033798109613, 34.226578811732644, 24.570980072021484, (0.9973464290694536+0j), 0.9207554810162207, 0.9998190619240441]
[0.9484767871364997, 35.21898393174491, 19.551584879557293, (0.9975324741134332+0j), 0.9208494162420638, 0.9998171754391203]
[0.9320324296310546, 27.47730463816268, 116.23847325642903, (0.9890975328194715+0j), 0.9023353544580471, 0.9997500060265674]
[0.942288327308154, 28.020738921291787, 102.56672032674153, (0.9930147444640238+0j), 0.9170194596255724, 0.9997334041366178]
[0.9373010223833849, 25.885434830233542, 167.70147323608398, (0.9871579691605478+0j), 0.914353031650266, 0.9997289501459056]
[0.6710235321170233, 11.341770626765147, 4774.229568481445, (0.8349265051031537+0j), 0.6489648707161448, 0.6752959497793952]
[0.6597828141799351, 11.185782500372653, 4948.82516225179, (0.8251476404708669+0j), 0.6439992746955168, 0.6747657365496398]
[0.6315138810876506, 10.778442616819081, 5435.45743560791, (0.781795169173803+0j), 0.618420080421206, 0.6600534729704318]
[0.6114863150245629, 10.654736849786808, 5592.5087966918945, (0.7838172607087528+0j), 0.6092538034459838, 0.6785368445232095]
