[0.9882343968421589, 44.1225550702258, 2.51666178125, (0.996944883146917+0j), 0.9908163266076535, 0.999996022959638]
[0.9882343968421589, 44.1225550702258, 2.51666178125, (0.996944883146917+0j), 0.9908163266076535, 0.999996022959638]
[0.9882343506865622, 44.122548167524144, 2.51666578125, (0.996944845311398+0j), 0.9908162878500434, 0.999996022959638]
[0.9882125471249213, 43.56419158121099, 2.86194446875, (0.9969099558083094+0j), 0.9907978845586967, 0.9999966857969086]
[0.9882258381431125, 44.11794914756692, 2.51933225, (0.9969398069151538+0j), 0.9908089678489672, 0.9999960479610138]
[0.9882254673787098, 44.07884195975221, 2.5421206875, (0.9969425792528307+0j), 0.9908141701917309, 0.9999960344769078]
[0.9881816981746019, 43.588361328861424, 2.84606115625, (0.996892821192485+0j), 0.9907784050182559, 0.9999965067952514]
[0.9881385463265763, 43.32453171347687, 3.02431615625, (0.9968026817038355+0j), 0.9907631759044953, 0.9999970171290496]
[0.9880932728985898, 42.99636101751713, 3.26170184375, (0.9967738395374227+0j), 0.9907278236562909, 0.9999969776303386]
[0.9880890016225208, 43.10871394632799, 3.17840303125, (0.9968113886935119+0j), 0.9907187848469728, 0.9999972428932881]
[0.9879977870033526, 42.448756363646055, 3.7000255625, (0.9966153122764388+0j), 0.9906758728590371, 0.9999977382444646]
[0.9877682570609237, 40.63506338766168, 5.617900229166667, (0.9963309622848833+0j), 0.9904959118070525, 0.9999987698172157]
[0.9872096115931155, 38.97902718109613, 8.22579046875, (0.9951917671072926+0j), 0.9900778482559286, 0.9999998389100506]
[0.986577085399651, 37.4480846343677, 11.702318052083333, (0.9940036056606948+0j), 0.9896030802265962, 0.9999977943864294]
[0.9850232248083103, 35.63720461704502, 17.756603583333334, (0.9921638915456212+0j), 0.98850975345494, 0.999991509594502]
[0.9815423899811557, 33.237188653970286, 30.85755384375, (0.9863574309599796+0j), 0.9856836246751538, 0.9999370857963883]
[0.9766835082603946, 30.236020506785163, 61.58547709375, (0.9760602434593869+0j), 0.9819226080200917, 0.9996594205333014]
[0.9686083063082644, 28.31946746324537, 95.74886058333334, (0.9635432130798295+0j), 0.9759077381262972, 0.9990889230174057]
[0.9594134046588143, 26.16460989919892, 157.26039817708335, (0.9458869050187012+0j), 0.968884275774934, 0.9975381140553966]
[0.9434608392074229, 24.157950008721116, 249.6234378125, (0.9150847249749252+0j), 0.9560416097905692, 0.9931656289217443]
