[0.9423437702100995, 39.0527023642485, 8.087422360248448, (0.9905476186512071+0j), 0.9802797952333622, 0.9999998905484776]
[0.9423437702100995, 39.0527023642485, 8.087422360248448, (0.9905476186512071+0j), 0.9802797952333622, 0.9999998905484776]
[0.9423437702100995, 39.0527023642485, 8.087422360248448, (0.9905476186512071+0j), 0.9802797952333622, 0.9999998905484776]
[0.9423437702100995, 39.0527023642485, 8.087422360248448, (0.9905476186512071+0j), 0.9802797952333622, 0.9999998905484776]
[0.9423437702100995, 39.0527023642485, 8.087422360248448, (0.9905476186512071+0j), 0.9802797952333622, 0.9999998905484776]
[0.9423437702100995, 39.0527023642485, 8.087422360248448, (0.9905476186512071+0j), 0.9802797952333622, 0.9999998905484776]
[0.9422824003903821, 38.817516189128646, 8.537461180124224, (0.9905474409513856+0j), 0.9802797952333622, 0.9999999121455123]
[0.9414905658145748, 38.53011030234327, 9.121564440993788, (0.9901917982259043+0j), 0.9802671175402559, 0.9999999120063809]
[0.9423437702100995, 39.0527023642485, 8.087422360248448, (0.9905476186512071+0j), 0.9802797952333622, 0.9999998905484776]
[0.9423437702100995, 39.0527023642485, 8.087422360248448, (0.9905476186512071+0j), 0.9802797952333622, 0.9999998905484776]
[0.9423437702100995, 39.0527023642485, 8.087422360248448, (0.9905476186512071+0j), 0.9802797952333622, 0.9999998905484776]
[0.9398151248460348, 37.647064972973865, 11.178251164596274, (0.9898274653136593+0j), 0.9801803508807355, 0.9999999915404653]
[0.9366703236938201, 35.102954948775576, 20.080978260869564, (0.9871550970975337+0j), 0.9791950617793783, 0.9999995063875691]
[0.9403299353053228, 37.62739339089963, 11.228998447204969, (0.9877869771451163+0j), 0.9801556316410972, 0.9999993593091256]
[0.9336307257826291, 35.70851024539171, 17.467443064182195, (0.9833979806794713+0j), 0.9800796954085303, 0.9999999365260567]
[0.9333865078620184, 32.475433050303245, 36.773676889233954, (0.982915245568897+0j), 0.979671440487441, 0.99999629798957]
[0.9023931531733503, 24.11207827885781, 252.2740230331263, (0.9509657963714314+0j), 0.9682354432186061, 0.9999265277729674]
[0.9024138189331117, 23.571793753741325, 285.6939117494824, (0.9466015605200089+0j), 0.9627344582583436, 0.999729395102832]
[0.8721132585208031, 23.255576052066985, 307.27183618012424, (0.9059054221698927+0j), 0.961595573803789, 0.9998443454864848]
[0.8523653342709916, 21.66148074903259, 443.53948304865423, (0.9003221830075563+0j), 0.9415811549485954, 0.9999423312045075]
