[0.9882343968421589, 44.1225550702258, 2.51666178125, (0.996944883146917+0j), 0.9908163266076535, 0.999996022959638]
[0.9882343968421589, 44.1225550702258, 2.51666178125, (0.996944883146917+0j), 0.9908163266076535, 0.999996022959638]
[0.9882343968421589, 44.1225550702258, 2.51666178125, (0.996944883146917+0j), 0.9908163266076535, 0.999996022959638]
[0.9881354524311742, 43.38968698028115, 2.97928234375, (0.9966746635343392+0j), 0.9907188628757061, 0.9999969784450976]
[0.9882269527626097, 44.10758563008352, 2.52535128125, (0.9969390349267523+0j), 0.9908108139319146, 0.9999960386262021]
[0.9882196879243125, 44.04514886835972, 2.56191946875, (0.9969399145889408+0j), 0.9908103786241025, 0.9999960036976424]
[0.9881604370577393, 43.37482550664491, 2.989494854166667, (0.9968529483005162+0j), 0.99076971257005, 0.999996768357018]
[0.988136954283647, 43.5161717634892, 2.8937645, (0.9968737364749346+0j), 0.9907521662636803, 0.9999966071161669]
[0.9881301349485218, 43.15031759603836, 3.14810059375, (0.9968756967247663+0j), 0.9907646698597036, 0.9999957652708119]
[0.9881159572094576, 43.031530844295716, 3.23539475, (0.9967577290840164+0j), 0.9907464247294252, 0.9999974118350801]
[0.9876411469151356, 38.40706318392376, 9.3836984375, (0.9955731882353581+0j), 0.9902708749157957, 0.9999987464011193]
[0.9876983603740083, 41.149125757008676, 4.990772635416667, (0.9960750817934347+0j), 0.9904114618847939, 0.9999988348159143]
[0.9873029380810697, 39.5190504413402, 7.263991322916667, (0.9953713719814082+0j), 0.9901769177494146, 0.999999740188115]
[0.9860808952872928, 36.11849995075523, 15.893895958333333, (0.9927996557930838+0j), 0.9891204913291207, 0.9999877348767681]
[0.9846745767169814, 34.42925255665371, 23.450661895833335, (0.9903921103371219+0j), 0.9882202310054362, 0.999969192050091]
[0.9821327517323969, 32.87826621618435, 33.51612019791666, (0.9869675482816183+0j), 0.9862206722030709, 0.9999141887576414]
[0.9760031713340733, 29.804933499029318, 68.01222939583333, (0.97498824622994+0j), 0.9810208937028743, 0.9994828548701864]
[0.9699153466140262, 28.197213597649213, 98.48248557291667, (0.9650314325232411+0j), 0.9771430378528264, 0.9991010955606442]
[0.9575336028434052, 26.09317584012539, 159.868454625, (0.9433258813172308+0j), 0.9669377482374882, 0.9971954661556461]
[0.9431678166230312, 24.173935975918003, 248.70628666666667, (0.914694022329898+0j), 0.9554815281099623, 0.9929264330258705]
