[0.9882343968421589, 44.1225550702258, 2.51666178125, (0.996944883146917+0j), 0.9908163266076535, 0.999996022959638]
[0.9882343968421589, 44.1225550702258, 2.51666178125, (0.996944883146917+0j), 0.9908163266076535, 0.999996022959638]
[0.9882159182260194, 44.00452039753085, 2.5859988125, (0.9969335285929537+0j), 0.9908078034261689, 0.9999960529314637]
[0.9882344021714348, 44.12255356025888, 2.51666265625, (0.9969448727181514+0j), 0.9908163157400803, 0.999996022959638]
[0.9882275047209627, 44.09987815466188, 2.52983703125, (0.9969431954885091+0j), 0.9908145653460357, 0.9999960446543621]
[0.9881864579721172, 43.82874251282217, 2.69281246875, (0.9969061445722341+0j), 0.9907953047246826, 0.9999964108942199]
[0.9880850122236619, 42.89446826116227, 3.33913159375, (0.9966422190537318+0j), 0.990700021587442, 0.9999973838549251]
[0.9881761262443071, 43.54188383892258, 2.8766828020833333, (0.9968489397613538+0j), 0.9907778357162034, 0.9999968160252557]
[0.98804559266417, 42.23567370230803, 3.88609121875, (0.99671691700662+0j), 0.9907019743162552, 0.9999982122206297]
[0.9880934983408612, 43.00904601009748, 3.252188875, (0.9967936864894756+0j), 0.9907329164687426, 0.9999971025037788]
[0.9878912355760112, 41.82914435117438, 4.26742528125, (0.9964398552312019+0j), 0.9905821380256293, 0.999998447023258]
[0.9878027379947204, 41.1392094320902, 5.002181177083333, (0.9962902165854143+0j), 0.9905368025231772, 0.9999986243938932]
[0.9872605580034475, 39.53115452420108, 7.243774270833334, (0.9955019969706432+0j), 0.9900997733455844, 0.9999998245173805]
[0.986049042795524, 36.064630856311005, 16.0922686875, (0.9929218862294241+0j), 0.989175048161021, 0.9999884993188264]
[0.9842452987563972, 34.62611769729364, 22.411379572916665, (0.9904211554106523+0j), 0.9876835840054813, 0.9999666037037723]
[0.9811569721889007, 32.23688175608195, 38.850103958333335, (0.9846992078731841+0j), 0.9853114202797163, 0.9998804671763277]
[0.9767265098293808, 29.901834351956566, 66.51152807291666, (0.9755922885666996+0j), 0.982148484184198, 0.9994979513179438]
[0.9683906751143058, 27.362021591922854, 119.365329625, (0.9596701244380361+0j), 0.9753729210416932, 0.9983238261294016]
[0.9580467219113887, 26.066963608548424, 160.83627270833333, (0.9429221843117123+0j), 0.9675228621760933, 0.9971159410197092]
[0.9419113466603783, 23.987669319749454, 259.6052248541667, (0.9137053829866164+0j), 0.9549927385594161, 0.9923014681152731]
