[0.9489187665976273, 35.421063146221556, 18.662681579589844, (0.997547883587222+0j), 0.9209171170864928, 0.9998220728538806]
[0.9489187665976273, 35.421063146221556, 18.662681579589844, (0.997547883587222+0j), 0.9209171170864928, 0.9998220728538806]
[0.9489187665976273, 35.421063146221556, 18.662681579589844, (0.997547883587222+0j), 0.9209171170864928, 0.9998220728538806]
[0.9489187665976273, 35.421063146221556, 18.662681579589844, (0.997547883587222+0j), 0.9209171170864928, 0.9998220728538806]
[0.9489187665976273, 35.421063146221556, 18.662681579589844, (0.997547883587222+0j), 0.9209171170864928, 0.9998220728538806]
[0.9489187665976273, 35.421063146221556, 18.662681579589844, (0.997547883587222+0j), 0.9209171170864928, 0.9998220728538806]
[0.9489187665976273, 35.421063146221556, 18.662681579589844, (0.997547883587222+0j), 0.9209171170864928, 0.9998220728538806]
[0.9489187665976273, 35.421063146221556, 18.662681579589844, (0.997547883587222+0j), 0.9209171170864928, 0.9998220728538806]
[0.9489187665976273, 35.421063146221556, 18.662681579589844, (0.997547883587222+0j), 0.9209171170864928, 0.9998220728538806]
[0.948294328010485, 34.56607118130586, 22.72339630126953, (0.9972604355954868+0j), 0.9204649413048539, 0.9998153461333218]
[0.9489187665976273, 35.421063146221556, 18.662681579589844, (0.997547883587222+0j), 0.9209171170864928, 0.9998220728538806]
[0.9471575442550397, 32.12308513810175, 39.88153330485026, (0.9939555548368031+0j), 0.9197405837006124, 0.9997984345837723]
[0.9481620328586405, 35.09552957608764, 20.115341186523438, (0.9973172754145647+0j), 0.920902412580975, 0.9998170027406844]
[0.9422741056868027, 28.26849304055912, 96.87931442260742, (0.9921739711223657+0j), 0.9169954184741144, 0.999743324718116]
[0.9396964159504371, 27.022832142477156, 129.06163024902344, (0.9904333387535496+0j), 0.9165253172313871, 0.999733107668024]
[0.9392612369205374, 28.957743718029555, 82.66201527913411, (0.9888175403756874+0j), 0.9160461269818163, 0.9997471928430234]
[0.6686842140100208, 11.294558054856488, 4826.413814544678, (0.8340668943437317+0j), 0.6473230004726087, 0.6744814302514522]
[0.6525478456772781, 11.1268196447848, 5016.472044626872, (0.8187245925028949+0j), 0.6385259684036861, 0.676721099560488]
[0.640742594580748, 11.00439000515572, 5159.9008954366045, (0.8045767771405288+0j), 0.6323777722547398, 0.6764639053258554]
[0.60790486726092, 10.811153359489243, 5394.67175801595, (0.7796692792111458+0j), 0.602911010177647, 0.6626238035194206]