[0.517088508371248, 0.0, 2739.264033564815, (0.7999407731988812+0j), 0.30514612561854093, 0.0]
[0.5338176177728945, 0.0, 2818.5115559895835, (0.7947712744812636+0j), 0.2189916256584887, 0.0]
[0.40829453370926416, 0.0, 6630.439778645833, (0.6505227429559912+0.019874555003633897j), 0.5144174192193643, 0.0]
[0.7965114108551449, 0.0, 2374.4335631127437, (0.9015989440818696+0j), 0.20332718950462053, 0.0]
[0.8816518364167885, 0.0, 281.1260933524173, (0.9752123888814687+0.0006147607718476702j), 0.46162417599772243, 0.0]
[0.7582519482170516, 0.0, 2017.6867859543008, (0.87153405450442+0j), 0.4075749754908204, 0.0]
[0.6514988947745074, 0.0, 2851.267988564312, (0.8336077183797382+0j), 0.23851123566347276, 0.0]
[0.8742293436069234, 0.0, 392.86306693193575, (0.9744897511015169+0j), 0.36963165427777006, 0.0]
[0.8004570770653663, 0.0, 1697.469977678571, (0.9107997965116182+0.00029665128866520485j), 0.40758259186438167, 0.0]
[0.7842166212655803, 0.0, 1270.8899496336996, (0.9255125833593438+0.000573809067656025j), 0.2084509009766147, 0.0]
