[0.5583236694485044, 0.0, 2043.505642361111, (0.7796642602415336+0j), 0.41437685740967517, 0.0]
[0.558810938162469, 0.0, 2640.2799479166665, (0.7817019078973784+0j), 0.3618945203201167, 0.0]
[0.30063176525795526, 0.0, 6335.04296875, (0.5957217338017334+0j), 0.4533825365728984, 0.0]
[0.7443374752753812, 0.0, 2078.067815563725, (0.8941369753947175+0.0003392629111790933j), 0.07856250430549994, 0.0]
[0.8718209234441411, 0.0, 254.5721016221374, (0.9647043982913848+0j), 0.4639100807975611, 0.0]
[0.5899004380823901, 0.0, 2105.2102234543013, (0.7591169810622859+0j), 0.39763813657456587, 0.0]
[0.5592599490662606, 0.0, 2850.2658372961955, (0.7706444213946132+0.0008959418238016517j), 0.22552945482834935, 0.0]
[0.8304134325749847, 0.0, 372.3310041407867, (0.9479095976130462+0j), 0.35669606685712346, 0.0]
[0.7591360683408992, 0.0, 1385.9121610449736, (0.8865201960586234+0.00016266273436192326j), 0.39747470078617936, 0.0]
[0.7512879703901988, 0.0, 1097.7170873397436, (0.9025649074175057+0j), 0.20433089423649847, 0.0]
