[0.1742170750858948, 0.0, 6912.7861328125, (0.5237639882812996+0.004587017618934839j), 0.27696251884496476, 0.0]
[0.0600205348722882, 0.0, 705.005859375, (0.5896524712266342+0j), 0.3904905413199105, 0.0]
[0.5550784558959578, 0.0, 4105.571614583333, (0.6834723057060494+0.00810504296183008j), 0.23464834736350346, 0.0]
[0.3140147118875495, 0.0, 1035.95849609375, (0.6904313038148691+0j), 0.40598561559254026, 0.0]
[0.3837553046683133, 0.0, 4606.452782346491, (0.5989540492812351+0j), 0.272376770818112, 0.0]
[0.8067472493149194, 0.0, 555.166244212963, (0.9446481375961181+0j), 0.12220175890943388, 0.0]
[0.9352940973207462, 0.0, 270.0559806281522, (0.974104279888661+0.0006274238456502637j), 0.7877376706384324, 0.0]
[0.7822003828952797, 0.0, 928.4667456356096, (0.9313866915834781+0j), 0.07418945737072952, 0.0]
[0.7370658531637577, 0.0, 1538.4291600738395, (0.8809712819025253+5.971395630174471e-05j), 0.18558826682319055, 0.0]
[0.9187462342765735, 0.0, 511.74270140636236, (0.9658749594423418+4.970867869969991e-05j), 0.7606661227856982, 0.0]
