[0.4622281058521742, 0.0, 1949.078125, (0.7479022740066996+0j), 0.5325316319309233, 0.0]
[0.00028721912112777883, 0.0, 11574.056640625, (0.20731370407634353+0j), 0.018369849207301822, 0.0]
[0.6358451011260295, 0.0, 2151.7057291666665, (0.7433733759019987+0j), 0.7100238742854716, 0.0]
[0.8785531932336196, 0.0, 302.8705065359477, (0.9610786403164174+0j), 0.6104433955383284, 0.0]
[0.7872705947216366, 0.0, 1061.4939141757247, (0.9440528486217051+0j), 0.08779100694146136, 0.0]
[0.8017881074586912, 0.0, 1108.6467471808105, (0.9394208902526204+0.0003307091090462672j), 0.14942481157441834, 0.0]
[0.7708714820418807, 0.0, 842.4718375157829, (0.9006128816163408+0j), 0.3789193831257632, 0.0]
[0.6258870802234947, 0.0, 1285.2821471291866, (0.8322333437885576+0j), 0.07423073557652318, 0.0]
[0.668065833904089, 0.0, 1513.5289288949275, (0.85570223596199+0.0001902455526548664j), 0.24447158325134835, 0.0]
[0.7916618815805782, 0.0, 751.5102098651961, (0.9278505776171264+0.0001844689935463546j), 0.22212739278045696, 0.0]
