[0.5746065209406983, 0.0, 1628.972349877451, (0.8158515304727504+0j), 0.5817626801091599, 0.0]
[-0.012711331395148363, 0.0, 15311.294921875, (0.20140530632296738+0j), 0.015116007590522031, 0.0]
[0.2912654608455342, 0.0, 830.7486979166666, (0.657731944928835+0j), 0.6470079760498461, 0.0]
[0.8988196836917204, 0.0, 345.04026245915026, (0.972820755454144+0j), 0.6298814202749395, 0.0]
[0.780406141779924, 0.0, 1482.755066802537, (0.9331175904801583+0j), 0.06046093859136874, 0.0]
[0.814209071403335, 0.0, 1151.3101885034403, (0.946837115737125+0.0004953463295234038j), 0.1582662644155403, 0.0]
[0.8395722611781439, 0.0, 806.6516335227273, (0.9449276490527576+0j), 0.3807053299759489, 0.0]
[0.6628666477694691, 0.0, 1601.8412455143543, (0.8513940868442947+0j), 0.10418242324541047, 0.0]
[0.7403687373590808, 0.0, 1755.5137945350245, (0.8933717056196936+0.0018506991322689073j), 0.25136910679056845, 0.0]
[0.8194749668610927, 0.0, 855.990322457108, (0.9471026222857101+0.0005775718031059171j), 0.2253473222060097, 0.0]
